0	0	34	3
0	0	34	3
0	0	34	3
0	0	34	3
0	0	34	3
0	0	34	3
0	0	34	3
0	0	34	3
0	0	34	3
0	0	36	4
0	0	40	4
0	0	40	4
0	0	40	4
0	0	40	4
0	0	44	5
0	0	40	4
0	0	48	5
0	0	48	5
0	0	54	6
0	0	54	6
0	0	54	6
0	0	54	6
0	0	58	6
0	0	58	6
0	0	64	7
0	0	64	7
0	0	74	8
0	0	78	8
0	0	82	9
0	0	82	9
0	0	88	10
0	0	88	10
0	0	96	10
0	0	96	10
0	0	117	13
0	0	117	13
0	0	127	14
0	0	131	14
0	0	145	16
0	0	149	16
0	0	159	18
0	0	157	17
0	0	175	19
0	0	175	19
0	3	179	22
0	2	183	22
0	0	193	22
0	7	195	26
0	4	213	26
0	6	207	27
0	5	218	27
0	5	218	27
0	2	232	27
0	3	233	28
0	11	249	34
0	8	247	32
0	14	255	37
0	10	255	34
0	14	255	37
0	13	255	36
0	17	255	39
0	18	255	39
0	18	255	39
0	19	255	40
0	19	255	40
0	19	255	40
0	22	255	41
0	24	255	43
0	27	255	44
0	27	255	44
0	28	255	45
0	28	255	45
0	28	255	45
0	28	255	45
0	31	255	47
0	34	255	49
0	35	255	49
0	35	255	49
0	39	255	51
0	39	255	51
0	41	255	53
0	41	255	53
0	42	255	53
0	42	255	53
0	43	255	54
0	47	255	56
0	47	255	56
0	47	255	56
0	47	255	56
0	47	255	56
0	47	255	56
0	47	255	56
0	50	255	58
0	50	255	58
0	50	255	58
0	49	255	57
0	47	255	56
0	48	255	57
0	50	255	58
0	47	255	56
0	50	255	58
0	50	255	58
0	43	255	54
0	47	255	56
0	50	255	58
0	47	255	56
0	43	255	54
0	41	255	53
0	41	255	53
0	41	255	53
0	41	255	53
0	40	255	52
0	40	255	52
0	37	255	50
0	29	255	46
0	32	255	47
0	28	255	45
0	28	255	45
0	27	255	44
0	28	255	45
0	24	255	43
0	22	255	41
0	19	255	40
0	19	255	40
0	19	255	40
0	17	255	39
0	19	255	40
0	18	255	39
0	16	255	38
0	17	253	38
0	18	249	38
0	13	239	34
0	13	225	33
0	9	219	30
0	13	223	33
0	9	219	30
0	10	209	29
0	10	209	29
0	11	196	28
0	12	194	29
0	10	190	27
0	10	190	27
0	13	179	28
0	12	175	26
0	6	165	22
0	6	165	22
0	7	163	22
0	7	159	22
0	5	147	19
0	6	143	19
0	3	135	17
0	0	129	14
0	5	125	17
0	1	121	14
0	0	114	12
0	4	122	16
0	6	114	16
0	2	110	13
0	0	92	10
0	0	92	10
0	0	84	9
0	0	84	9
0	0	84	9
0	0	84	9
0	0	78	8
0	0	78	8
0	0	78	8
0	0	74	8
0	0	68	7
0	0	64	7
0	0	60	6
0	0	58	6
0	0	54	6
0	0	54	6
0	0	54	6
0	0	54	6
0	0	58	6
0	0	58	6
0	0	50	5
0	0	50	5
0	0	48	5
0	0	48	5
0	0	48	5
0	0	48	5
0	1	44	5
0	1	44	5
0	0	48	5
0	0	48	5
0	2	40	5
0	2	40	5
0	1	40	5
0	1	40	5
0	1	36	4
0	1	36	4
0	0	36	4
0	1	36	4
0	1	36	4
0	1	36	4
0	1	40	5
0	1	40	5
0	1	40	5
0	1	36	4
0	2	34	5
0	2	34	5
0	2	34	5
0	2	34	5
0	0	34	3
0	0	34	3
0	2	34	5
0	1	26	3
0	1	26	3
0	3	30	5
0	0	34	3
0	2	34	5
0	2	34	5
0	2	34	5
0	3	30	5
0	3	30	5
0	3	30	5
0	2	34	5
0	3	30	5
0	3	30	5
0	4	30	5
0	3	34	5
0	4	30	5
0	4	30	5
0	3	26	4
0	3	30	5
0	4	30	5
0	2	34	5
0	3	26	4
0	5	24	5
0	4	24	5
0	3	26	4
0	3	30	5
0	4	26	5
0	4	26	5
0	5	24	5
0	4	24	5
0	4	24	5
0	4	30	5
0	3	26	4
0	5	20	5
0	5	20	5
0	3	26	4
0	3	26	4
0	4	26	5
0	4	26	5
0	5	24	5
0	5	24	5
0	6	20	5
0	5	24	5
0	4	26	5
0	5	26	5
0	6	20	5
0	5	20	5
0	5	24	5
0	5	24	5
0	5	24	5
0	5	24	5
0	6	20	5
0	6	20	5
0	5	24	5
0	5	24	5
0	6	20	5
0	6	20	5
0	7	20	6
0	6	20	5
0	6	20	5
0	6	20	5
0	6	16	5
0	5	16	4
0	6	16	5
0	7	12	5
0	7	20	6
0	7	20	6
0	7	20	6
0	7	20	6
0	7	16	5
0	7	16	5
0	7	16	5
0	7	16	5
0	7	16	5
0	7	16	5
0	8	12	6
0	7	16	5
0	8	12	6
0	8	12	6
0	10	12	7
0	10	12	7
0	9	10	6
0	12	16	8
0	14	16	10
0	10	12	7
0	19	20	13
0	18	20	12
0	19	20	13
0	19	20	13
0	19	14	12
0	19	14	12
0	18	20	12
0	18	20	12
0	19	18	13
0	28	26	19
0	28	22	18
0	28	22	18
0	28	26	19
0	28	22	18
0	28	26	19
0	30	28	20
0	33	28	22
0	31	24	20
0	31	24	20
0	31	24	20
0	31	24	20
0	31	24	20
0	31	24	20
0	31	24	20
0	40	26	26
0	42	27	27
0	41	31	27
0	41	27	27
0	42	27	27
0	42	27	27
0	47	28	30
0	47	30	31
0	47	32	31
0	47	32	31
0	47	32	31
0	47	32	31
0	49	32	32
0	49	32	32
0	57	37	37
0	51	32	33
0	51	32	33
0	51	32	33
0	55	36	36
0	56	36	36
0	55	34	36
0	59	32	38
0	51	30	33
0	55	34	36
0	58	31	37
0	58	35	38
0	59	36	38
0	59	36	38
0	64	39	42
0	62	39	40
0	64	39	42
0	64	39	42
0	68	34	43
0	68	34	43
0	68	34	43
0	69	38	44
0	75	38	48
1	73	38	47
1	74	36	47
0	69	35	44
0	75	38	48
0	75	38	48
0	76	36	48
0	84	38	53
0	80	39	51
0	80	39	51
0	80	39	51
0	82	39	52
0	83	37	52
0	84	38	53
0	93	39	59
0	93	35	58
0	92	39	58
0	88	35	55
0	89	31	55
0	87	35	55
0	95	36	59
1	95	34	59
0	93	35	58
0	92	39	58
0	96	37	60
2	95	37	60
1	93	40	59
0	92	39	58
0	96	37	60
2	95	37	60
0	95	36	59
0	96	37	60
2	100	38	63
5	98	40	63
0	95	41	60
0	94	40	59
1	104	40	65
2	95	37	60
1	103	42	65
0	98	37	61
2	95	37	60
2	95	37	60
2	95	37	60
0	96	37	60
2	96	35	60
4	95	35	60
2	94	41	60
1	94	36	59
3	93	36	59
4	94	37	60
5	89	39	58
5	89	39	58
5	90	35	58
5	90	35	58
5	90	35	58
5	90	35	58
4	85	31	54
8	89	35	58
9	90	36	59
4	84	35	54
8	82	35	54
8	82	35	54
8	82	39	54
8	82	35	54
9	83	29	54
14	88	30	59
14	90	35	61
16	84	35	58
16	83	39	57
12	79	35	53
16	79	31	54
20	83	35	58
19	75	30	53
19	76	28	53
23	74	30	53
23	74	30	53
25	71	29	52
25	70	33	52
25	70	33	52
25	70	33	52
26	71	34	53
26	70	29	52
30	68	37	53
30	68	33	52
32	63	31	50
32	63	31	50
32	63	31	50
36	62	31	50
36	63	27	50
39	61	27	50
39	60	31	50
42	59	27	50
44	58	31	50
44	58	31	50
46	60	33	52
41	50	29	44
47	51	28	47
47	51	28	47
48	52	24	47
49	51	28	47
48	51	28	47
48	51	28	47
50	54	31	50
48	51	28	47
46	48	29	45
45	47	28	44
45	47	24	43
45	47	28	44
51	43	24	43
55	47	28	47
56	41	24	43
56	41	24	43
53	43	24	43
51	43	24	43
56	41	24	43
56	41	24	43
56	36	25	40
53	37	29	40
56	36	25	40
56	36	25	40
60	35	25	41
60	35	25	41
60	35	21	40
60	36	17	41
58	31	22	38
60	35	25	41
60	35	21	40
58	31	18	37
60	27	25	36
60	27	25	36
64	26	25	37
59	25	26	35
57	29	25	36
56	28	24	35
56	28	24	35
52	24	20	31
55	23	16	31
55	23	16	31
60	21	12	31
59	22	16	32
55	21	22	31
55	21	22	31
57	18	20	29
53	15	14	26
49	15	16	25
52	13	15	24
53	12	19	25
53	12	19	25
53	14	20	26
53	12	19	25
51	12	14	23
51	12	14	23
48	14	15	24
52	13	15	24
51	12	14	23
51	12	14	23
51	12	14	23
47	13	14	23
51	12	14	23
51	12	14	23
51	12	18	24
45	6	12	18
45	6	12	18
45	6	12	18
45	6	12	18
43	3	14	16
43	4	10	16
45	6	12	18
45	6	12	18
45	5	16	18
43	3	14	16
43	3	16	16
43	3	16	16
43	3	16	16
43	3	14	16
43	3	16	16
43	3	14	16
39	0	10	12
35	0	10	11
35	0	10	11
35	0	10	11
39	4	14	15
35	0	10	11
35	0	12	11
39	5	10	15
35	1	6	11
35	1	6	11
31	0	6	9
28	0	6	9
28	0	8	9
31	0	8	10
32	2	12	12
32	2	12	12
24	0	4	7
24	0	4	7
24	0	4	7
28	0	6	9
24	0	4	7
24	0	6	7
20	0	2	6
24	0	4	7
24	0	4	7
19	0	0	5
23	0	4	7
19	0	6	6
23	0	6	7
19	0	2	5
19	0	2	5
15	0	2	4
15	0	2	4
15	0	2	4
15	0	2	4
15	0	2	4
19	0	2	5
12	0	2	3
12	0	2	3
12	0	2	3
12	0	2	3
12	0	6	4
12	0	6	4
12	0	2	3
12	0	2	3
9	0	6	3
9	0	6	3
9	0	6	3
9	0	6	3
9	0	6	3
9	0	6	3
9	0	2	2
9	0	6	3
9	0	6	3
9	0	10	3
7	0	10	3
7	0	6	2
7	0	10	3
7	0	10	3
7	0	12	3
4	0	10	2
4	0	10	2
4	0	10	2
9	0	6	3
7	0	2	2
7	0	6	2
7	0	6	2
4	0	10	2
7	0	6	2
7	0	6	2
7	0	10	3
7	0	6	2
7	0	6	2
7	0	6	2
7	0	6	2
4	0	10	2
1	0	10	1
1	0	10	1
