3	19	54	18
5	26	64	24
5	28	65	25
5	25	68	23
5	26	64	24
5	25	68	23
5	26	64	24
0	19	62	18
5	25	68	23
9	23	72	24
9	24	68	24
7	26	76	26
5	25	68	23
0	19	62	18
5	26	64	24
10	24	73	25
5	24	74	24
5	24	74	24
5	24	74	24
5	24	72	23
5	25	79	25
5	25	79	25
6	25	75	25
5	24	83	25
10	24	75	25
6	23	83	24
10	29	90	30
5	23	89	25
6	25	84	26
3	27	86	26
10	30	84	30
10	30	84	30
6	23	83	24
6	23	85	24
7	23	90	25
6	22	89	24
5	24	85	25
11	25	102	29
9	31	100	32
9	31	100	32
6	22	98	25
9	28	114	32
5	31	104	31
7	28	104	30
10	26	102	29
10	25	108	29
5	31	104	31
9	30	106	32
3	29	102	29
10	25	108	29
10	27	98	30
9	30	106	32
6	22	98	25
10	26	102	29
5	31	106	31
9	28	114	32
9	32	124	35
3	26	118	29
5	28	124	32
8	33	124	35
5	28	120	31
5	28	120	31
13	32	120	36
8	33	124	35
13	32	120	36
13	31	124	36
9	27	120	32
10	31	135	36
10	32	133	36
9	32	135	36
10	31	139	37
13	34	154	41
10	33	140	38
5	26	134	32
10	32	133	36
11	33	134	37
14	31	133	37
14	30	139	37
13	36	143	41
9	32	139	37
10	31	139	37
9	31	143	37
10	33	140	38
13	36	143	41
9	29	142	35
8	28	153	36
10	31	135	36
15	29	148	38
6	37	151	40
3	34	151	38
7	35	140	38
7	35	140	38
10	31	135	36
10	31	135	36
9	32	139	37
7	34	144	38
9	32	139	37
9	32	139	37
13	34	151	41
13	40	150	44
9	30	150	37
9	30	150	37
6	37	154	41
7	33	151	38
9	40	154	43
10	31	148	38
10	29	159	38
3	33	155	37
7	34	144	38
3	34	151	38
6	37	151	40
3	33	155	37
9	30	150	37
13	44	161	48
10	30	155	38
16	36	161	44
10	36	154	41
9	39	161	43
9	38	165	43
6	35	162	40
6	35	164	41
13	36	171	44
13	37	167	44
10	34	164	41
13	33	158	41
13	32	164	41
10	34	164	41
6	33	172	40
13	38	161	44
13	36	171	44
13	39	154	44
6	35	162	40
6	35	164	41
10	33	168	41
10	34	164	41
10	39	168	45
13	37	165	44
10	34	162	41
13	34	154	41
13	37	165	44
13	37	167	44
10	34	164	41
7	41	166	45
10	39	166	44
14	38	168	45
13	37	167	44
10	39	168	45
13	41	175	47
13	47	174	51
9	36	175	43
10	39	168	45
9	36	175	43
13	42	171	48
13	47	174	51
13	47	172	51
15	49	174	53
13	47	174	51
7	41	168	45
13	47	172	51
13	47	172	51
13	46	178	51
13	45	182	51
12	48	174	51
14	50	176	53
14	50	176	53
14	48	184	53
14	51	170	53
8	48	178	50
14	49	180	53
12	46	182	51
13	47	172	51
16	51	171	54
15	53	167	54
21	59	173	60
9	56	172	55
12	53	178	54
9	54	182	55
13	58	186	59
14	51	170	53
15	52	171	54
12	54	172	54
11	53	171	53
15	53	164	54
14	52	166	53
14	52	163	53
15	53	164	54
15	53	164	54
12	55	168	55
11	55	160	53
15	53	167	54
12	56	161	54
8	58	165	55
11	56	156	53
11	56	152	53
13	61	169	58
13	62	177	60
9	57	168	55
12	55	165	54
12	57	153	54
11	56	152	53
11	56	152	53
14	66	159	61
10	66	171	61
8	64	169	59
13	64	166	60
9	66	166	60
13	64	166	60
13	64	166	60
10	68	163	61
10	68	163	61
13	67	152	60
7	74	162	63
10	73	160	64
9	76	164	65
10	68	159	61
7	69	159	60
12	75	162	66
12	75	162	66
14	77	164	68
11	78	166	67
12	84	159	71
12	84	159	71
11	80	156	68
9	85	163	71
13	90	159	74
12	89	158	73
13	90	159	74
13	90	159	74
12	85	155	71
11	93	158	75
13	91	153	74
11	94	154	76
13	92	149	74
9	96	150	76
12	99	153	79
12	97	161	78
12	100	147	79
9	96	150	76
11	95	148	75
11	95	148	75
11	95	150	76
13	100	154	80
13	108	164	85
7	102	158	79
14	108	144	83
9	102	143	78
12	116	146	88
4	108	138	80
13	108	137	82
13	107	141	82
11	99	130	76
14	109	138	83
14	109	138	83
8	113	138	84
8	116	124	84
5	119	130	86
12	120	124	88
6	126	126	90
11	121	125	88
8	123	125	88
11	133	125	95
5	127	119	89
11	123	119	89
5	125	125	89
12	124	120	90
12	124	120	90
13	130	120	93
4	126	118	88
13	131	118	94
9	127	114	90
9	126	116	89
6	137	115	95
13	132	110	93
7	134	118	94
13	132	110	93
10	138	113	96
11	135	115	95
11	139	118	98
11	141	108	98
2	132	99	89
10	148	108	102
2	143	109	96
10	148	108	102
5	143	103	97
11	143	92	97
14	148	101	102
8	151	105	102
7	150	104	101
10	148	108	102
7	149	112	102
11	145	102	100
14	148	101	102
14	149	97	102
9	153	98	103
11	150	101	102
9	153	98	103
12	155	105	106
7	159	101	106
14	148	101	102
13	159	108	109
7	163	104	109
1	157	98	103
9	153	98	103
7	163	104	109
10	163	98	109
8	161	96	107
13	159	92	107
8	166	95	110
9	165	102	111
5	161	98	107
10	162	104	109
4	166	98	109
9	152	102	103
2	163	98	107
11	159	96	107
7	165	90	109
14	150	91	102
10	165	86	109
11	160	88	107
5	170	85	110
10	164	94	109
6	169	92	111
9	167	96	111
4	162	91	106
11	153	87	103
12	172	89	114
11	165	91	110
10	164	90	109
13	163	86	109
3	171	85	110
9	173	91	114
9	173	91	114
13	162	90	109
4	167	90	109
8	162	92	107
0	171	87	110
11	164	99	110
7	165	94	109
14	151	83	102
10	165	86	109
10	165	86	109
4	159	80	103
11	160	88	107
5	170	85	110
11	165	91	110
8	162	88	107
11	161	84	107
8	164	82	108
9	174	89	114
2	167	82	107
10	164	94	109
7	167	84	109
9	155	84	103
7	167	84	109
10	159	87	106
5	168	91	110
11	160	92	107
7	167	84	109
10	166	84	110
5	172	75	111
7	167	80	109
0	163	74	104
10	166	80	109
7	163	77	106
10	164	90	109
5	170	81	110
9	169	86	111
5	165	82	107
11	167	85	111
5	171	77	110
9	169	82	111
7	167	80	109
8	168	85	110
1	173	82	111
13	161	82	107
1	161	74	103
11	181	79	118
6	181	73	116
11	168	77	110
2	169	72	108
11	164	68	107
4	174	76	111
11	162	82	107
5	169	87	110
9	167	96	111
5	163	92	107
13	163	86	109
3	171	81	110
15	165	88	111
7	157	80	103
11	166	87	110
8	162	88	107
10	175	90	115
2	167	82	107
10	158	95	106
4	169	84	109
11	153	83	102
4	161	70	103
12	160	81	106
2	167	82	107
12	156	78	104
9	157	74	103
15	159	77	106
11	155	73	102
15	150	78	101
8	156	73	102
15	163	84	109
7	155	76	101
16	146	84	100
11	153	83	102
17	152	80	103
13	148	76	99
19	149	83	102
18	157	81	106
20	139	86	97
16	147	76	99
21	146	86	101
16	151	79	102
22	140	82	98
22	148	79	102
25	145	83	102
22	145	66	99
30	133	69	94
28	139	64	97
33	135	74	97
25	127	66	89
39	118	78	89
35	127	74	93
41	137	87	102
28	124	74	89
41	124	83	94
38	136	74	99
46	130	84	99
36	120	74	89
50	125	73	96
54	143	64	107
52	119	79	94
51	119	70	93
56	118	68	93
55	124	68	96
60	114	83	94
57	105	78	87
74	120	78	101
71	116	72	97
75	108	75	94
80	108	65	94
79	111	74	97
70	102	65	88
80	98	63	88
88	107	63	96
91	102	65	94
86	97	60	89
94	97	74	93
96	101	61	94
104	99	63	96
96	91	55	88
101	100	67	96
97	90	66	89
108	85	63	89
113	92	54	93
114	93	55	94
118	97	50	97
112	82	63	88
113	83	60	89
126	85	61	94
120	79	55	88
120	79	55	88
125	80	50	90
125	84	60	93
111	70	46	79
121	74	56	86
133	82	61	94
138	80	61	95
131	73	54	88
134	71	54	87
134	72	52	88
129	64	59	82
130	66	58	84
136	85	64	97
140	79	50	93
134	62	57	82
137	68	42	85
140	64	60	86
143	64	50	86
131	71	64	88
140	70	53	88
145	63	64	87
137	55	56	79
134	61	59	82
142	60	47	83
145	58	49	82
137	50	41	74
143	60	50	83
151	61	42	85
146	59	50	83
138	51	42	75
141	47	52	75
146	46	46	75
139	37	49	68
148	43	45	74
152	42	46	75
153	50	44	80
139	45	50	73
150	41	40	73
141	44	50	73
150	40	44	73
139	45	50	73
141	36	42	68
147	36	47	70
144	33	44	67
142	36	45	68
149	37	41	70
144	37	51	70
141	34	48	67
144	38	47	70
147	33	49	68
150	32	45	68
147	29	42	65
142	35	49	68
158	32	45	71
139	31	54	65
147	33	53	69
150	33	43	69
156	31	35	68
140	30	38	63
147	30	40	66
144	31	42	66
138	25	36	60
138	36	52	68
142	30	50	65
142	28	48	64
139	25	45	61
139	26	37	61
151	25	38	64
145	23	31	60
145	23	31	60
139	26	37	61
143	21	33	58
137	23	39	58
146	20	33	59
141	22	40	59
148	21	37	60
134	27	45	61
141	22	40	59
147	30	36	65
148	22	31	60
136	24	40	59
142	25	31	60
143	19	39	58
138	14	34	53
138	24	44	60
144	20	40	59
143	19	39	58
139	15	35	54
130	16	48	53
146	18	43	59
141	22	40	59
136	17	35	54
131	19	39	54
143	19	39	58
119	21	52	53
130	17	42	53
130	18	38	53
144	13	35	54
124	22	38	54
132	18	34	53
122	23	43	54
129	17	33	52
116	19	45	50
130	18	38	53
119	22	44	53
118	21	43	52
110	18	42	48
115	16	36	47
121	21	44	53
115	15	38	47
107	19	42	47
115	15	42	47
108	22	51	51
102	16	45	45
99	22	48	47
100	11	41	41
84	19	47	41
88	17	41	40
87	18	43	41
98	17	42	44
77	17	48	38
87	18	43	41
77	17	48	38
76	16	47	37
72	18	49	37
84	15	38	38
71	17	48	36
71	17	48	36
64	23	47	37
68	21	39	37
64	22	49	37
57	15	42	30
52	20	44	32
59	18	38	32
51	22	42	32
52	21	38	32
51	22	42	32
52	21	42	32
40	15	37	24
40	15	37	24
38	19	36	26
42	22	42	30
34	18	45	25
