0	1	20	2
0	1	20	2
0	1	20	2
0	1	20	2
0	0	24	2
0	1	20	2
0	1	20	2
0	1	16	2
0	1	20	2
0	1	20	2
0	1	20	2
0	1	20	2
0	0	24	2
0	0	24	2
0	1	20	2
0	1	20	2
0	1	20	2
0	1	20	2
0	0	24	2
0	1	20	2
0	1	20	2
0	1	20	2
0	1	20	2
0	1	20	2
0	1	20	2
0	1	20	2
0	1	20	2
0	1	20	2
0	1	20	2
0	1	20	2
0	1	20	2
0	1	20	2
0	1	20	2
0	1	20	2
0	1	20	2
0	1	20	2
0	1	20	2
0	0	24	2
0	0	24	2
0	0	24	2
0	0	24	2
0	1	20	2
0	0	26	2
0	0	24	2
0	0	26	2
0	0	24	2
0	0	26	2
0	0	26	2
0	0	26	2
0	0	26	2
0	0	26	2
0	0	26	2
0	0	34	3
0	0	34	3
0	0	30	3
0	0	34	3
0	0	30	3
0	0	30	3
0	0	34	3
0	0	34	3
0	0	36	4
0	0	36	4
0	0	40	4
0	0	44	5
0	0	36	4
0	0	40	4
0	0	48	5
0	0	44	5
0	0	48	5
0	0	48	5
0	0	54	6
0	0	58	6
0	0	58	6
0	0	58	6
0	0	64	7
0	0	64	7
0	0	72	8
0	0	72	8
0	0	78	8
0	0	78	8
0	0	84	9
0	0	84	9
0	0	96	10
0	0	96	10
0	0	110	12
0	0	110	12
0	0	121	13
0	0	121	13
0	0	139	15
0	0	135	15
0	0	147	16
0	0	143	16
0	2	163	19
0	2	163	19
0	1	167	19
0	1	167	19
0	1	177	20
0	3	179	22
0	4	179	22
0	3	179	22
0	3	179	22
0	9	185	26
0	11	189	28
0	5	183	23
0	12	194	29
0	9	193	27
0	9	193	27
0	8	195	26
0	9	193	27
0	9	193	27
0	9	189	26
0	9	189	26
0	10	190	27
0	3	179	22
0	4	179	22
0	4	179	22
0	4	179	22
0	5	173	22
0	5	177	23
0	3	175	21
0	10	179	26
0	1	167	19
0	6	165	22
0	6	165	22
0	2	163	19
0	0	153	17
0	3	157	19
0	0	153	17
0	0	149	16
0	0	143	16
0	0	149	16
0	0	143	16
0	0	129	14
0	0	129	14
0	0	131	14
0	2	133	16
0	0	129	14
0	0	129	14
0	0	125	14
0	0	121	13
0	0	106	12
0	2	110	13
0	0	114	12
0	0	118	13
0	0	110	12
0	0	110	12
0	5	118	16
0	2	106	13
0	0	100	11
0	0	92	10
0	0	88	10
0	0	92	10
0	0	92	10
0	0	92	10
0	0	92	10
0	0	92	10
0	0	84	9
0	0	84	9
0	0	84	9
0	0	84	9
0	0	84	9
0	0	78	8
0	0	68	7
0	0	68	7
0	0	72	8
0	0	74	8
0	0	68	7
0	0	68	7
0	0	68	7
0	0	58	6
0	0	64	7
0	0	64	7
0	0	58	6
0	0	58	6
0	0	58	6
0	0	54	6
0	0	50	5
0	0	50	5
0	0	54	6
0	0	54	6
0	0	50	5
0	0	50	5
0	0	48	5
0	0	48	5
0	0	50	5
0	0	50	5
0	1	48	6
0	0	50	5
0	2	40	5
0	2	40	5
0	2	40	5
0	1	44	5
0	0	44	5
0	2	40	5
0	2	40	5
0	2	36	5
0	1	44	5
0	1	44	5
0	1	44	5
0	1	44	5
0	2	40	5
0	2	40	5
0	2	40	5
0	2	40	5
0	2	40	5
0	2	40	5
0	2	36	5
0	2	36	5
0	3	34	5
0	3	36	5
0	2	44	6
0	3	36	5
0	3	36	5
0	3	36	5
0	3	36	5
0	4	34	6
0	3	34	5
0	3	34	5
0	3	34	5
0	3	34	5
0	4	34	6
0	4	34	6
0	7	30	7
0	5	30	6
0	9	40	9
0	9	40	9
0	9	40	9
0	9	40	9
0	9	40	9
0	9	40	9
0	10	38	10
0	14	42	13
0	10	38	10
0	10	38	10
0	10	38	10
0	10	38	10
0	15	42	13
0	15	42	13
0	20	46	16
0	16	42	14
0	16	38	13
0	16	38	13
0	20	38	16
0	20	38	16
0	20	42	16
0	21	42	17
0	21	42	17
0	21	42	17
0	21	42	17
0	21	42	17
0	20	38	16
0	27	44	20
0	25	42	19
0	27	44	20
0	30	42	22
0	29	44	22
0	29	44	22
0	29	44	22
0	29	38	21
0	40	46	28
0	37	48	27
0	38	49	27
0	39	45	28
0	39	42	27
0	39	41	27
0	44	46	31
0	44	46	31
0	44	50	31
0	45	42	31
0	47	44	32
0	49	44	33
0	47	44	32
0	47	44	32
0	54	46	36
0	54	42	36
0	54	42	36
0	56	38	37
0	56	38	37
0	55	42	37
0	55	42	37
0	62	43	41
0	61	51	41
0	61	47	41
0	61	47	41
0	63	47	42
0	61	47	41
0	64	41	42
0	64	41	42
0	67	44	44
0	64	41	42
0	64	41	42
0	67	44	44
0	74	48	48
2	71	48	47
0	77	49	50
0	69	45	45
0	69	38	44
1	73	42	47
0	75	42	48
0	78	41	50
0	79	45	51
0	81	47	52
0	81	47	52
0	81	47	52
0	93	48	60
0	87	42	55
0	87	43	55
0	88	43	56
0	83	52	54
0	82	51	53
0	93	48	60
0	93	48	60
0	92	43	58
0	86	45	55
0	92	43	58
0	93	43	59
0	93	39	59
0	93	39	59
0	92	47	59
0	95	45	60
0	90	49	58
0	90	49	58
0	93	39	59
0	94	40	59
0	94	40	59
0	94	40	59
0	94	40	59
0	94	40	59
0	93	39	59
0	93	39	59
0	93	39	59
0	94	40	59
0	95	41	60
0	94	40	59
0	93	39	59
0	93	39	59
0	93	39	59
0	93	43	59
0	86	38	54
2	100	38	63
0	94	44	60
0	93	43	59
0	94	44	60
0	96	40	60
0	94	40	59
0	94	40	59
0	95	41	60
0	94	40	59
0	94	40	59
0	94	40	59
0	96	34	60
0	94	40	59
0	94	40	59
0	94	40	59
0	95	36	59
0	96	34	60
0	96	30	59
0	95	36	59
0	94	40	59
0	94	40	59
0	95	36	59
0	95	36	59
0	96	34	60
2	100	38	63
0	98	37	61
0	96	34	60
0	99	31	61
0	102	34	63
0	102	40	64
0	94	40	59
2	96	35	60
1	95	34	59
2	96	35	60
2	95	37	60
1	103	42	65
0	94	40	59
2	95	37	60
2	95	37	60
0	94	40	59
0	93	39	59
1	95	34	59
1	93	40	59
1	93	40	59
1	93	40	59
2	95	37	60
0	93	35	58
2	93	33	58
0	93	35	58
2	90	47	58
0	86	43	55
2	95	37	60
3	93	36	59
2	95	37	60
0	93	35	58
0	87	35	55
0	88	39	56
1	85	39	54
1	85	39	54
1	85	35	54
1	85	39	54
1	85	39	54
0	84	38	53
2	82	37	52
4	84	39	54
2	82	37	52
4	78	35	50
5	77	35	50
5	77	35	50
5	77	35	50
2	73	36	47
2	69	29	44
8	75	35	50
6	66	35	44
6	66	35	44
6	66	35	44
2	67	35	43
6	64	34	43
6	64	34	43
6	64	34	43
7	65	35	44
7	65	35	44
7	66	33	44
9	62	34	42
6	64	34	43
7	65	35	44
6	64	34	43
10	58	31	40
13	61	34	43
13	61	38	44
10	58	35	41
11	52	32	37
10	53	32	37
11	52	28	37
11	52	28	37
18	49	32	37
15	51	32	38
18	49	28	37
19	48	28	37
18	48	25	36
19	48	28	37
19	48	28	37
19	48	32	37
23	47	32	38
26	45	32	37
25	43	35	36
25	44	31	36
28	42	31	36
27	41	30	35
30	42	31	37
29	41	30	36
29	41	30	36
29	41	30	36
29	40	34	36
32	39	30	35
32	39	30	35
28	35	26	31
31	33	22	31
35	37	26	35
35	37	30	35
31	33	26	31
32	33	22	31
30	31	24	29
34	28	28	29
36	30	30	31
34	28	28	29
34	28	28	29
34	29	24	29
34	29	24	29
33	23	20	25
37	27	24	29
36	31	26	31
34	29	24	29
37	20	15	24
38	21	16	25
35	23	16	25
38	21	16	25
37	20	19	24
37	19	23	24
34	22	19	25
37	20	19	24
37	20	19	24
37	20	19	24
36	18	24	24
36	18	22	23
39	16	22	23
39	16	22	23
39	16	22	23
39	16	22	23
39	16	22	23
33	11	12	17
39	16	22	23
39	16	22	23
39	16	22	23
39	16	22	23
33	10	16	17
39	16	22	23
37	9	18	18
35	7	16	16
35	7	16	16
31	8	16	15
35	7	14	16
39	16	22	23
35	7	16	16
31	8	16	15
31	8	14	15
35	8	10	16
35	7	14	16
31	4	6	12
31	3	10	12
31	3	10	12
27	4	12	11
27	4	12	11
27	4	12	11
23	0	8	7
27	4	10	11
27	4	10	11
27	4	10	11
27	4	10	11
27	4	14	12
27	0	8	8
27	0	6	8
27	0	6	8
27	0	6	8
23	0	4	7
27	0	6	8
23	0	8	7
23	0	6	7
23	0	6	7
23	0	8	7
19	0	10	6
23	0	8	7
23	0	8	7
23	0	8	7
19	0	4	6
23	0	4	7
23	0	4	7
24	0	6	7
19	0	6	6
23	0	4	7
15	0	2	4
15	0	0	4
15	0	2	4
15	0	2	4
15	0	2	4
15	0	2	4
15	0	2	4
15	0	2	4
15	0	2	4
15	0	2	4
15	0	2	4
15	0	2	4
16	0	10	5
15	0	6	5
15	0	6	5
12	0	2	3
12	0	2	3
12	0	2	3
12	0	2	3
12	0	2	3
12	0	2	3
9	0	2	2
9	0	2	2
9	0	2	2
9	0	2	2
9	0	2	2
9	0	2	2
7	0	6	2
9	0	6	3
9	0	2	2
7	0	6	2
9	0	6	3
9	0	6	3
9	0	6	3
9	0	6	3
9	0	6	3
9	0	6	3
7	0	2	2
7	0	6	2
7	0	6	2
7	0	6	2
7	0	10	3
4	0	12	2
4	0	12	2
4	0	6	1
7	0	2	2
7	0	6	2
7	0	10	3
7	0	10	3
4	0	10	2
4	0	10	2
4	0	10	2
7	0	10	3
4	0	12	2
4	0	12	2
7	0	6	2
1	0	10	1
1	0	10	1
1	0	10	1
4	0	10	2
1	0	10	1
1	0	10	1
1	0	10	1
4	0	10	2
4	0	10	2
4	0	12	2
1	0	12	1
0	0	10	1
0	0	12	1
0	0	12	1
