0	6	97	14
1	12	112	20
1	12	112	20
1	11	116	19
1	10	118	19
1	10	122	20
4	13	134	24
4	12	141	24
7	14	148	27
7	14	148	27
4	15	154	27
4	14	158	27
7	21	169	33
9	23	171	35
7	21	171	33
9	22	177	35
9	21	181	35
9	21	181	35
13	20	181	36
13	19	187	36
13	19	187	36
15	20	193	38
16	26	202	43
11	19	203	37
11	20	199	37
15	25	208	42
12	28	204	43
14	30	206	45
15	26	204	43
15	25	208	42
17	26	216	44
17	26	216	44
15	24	214	42
17	25	220	44
17	25	220	44
17	30	223	48
14	26	228	45
18	35	236	52
17	29	231	48
17	29	233	48
17	29	233	48
16	32	240	50
14	26	228	45
13	30	233	48
16	32	240	50
16	32	240	50
18	34	242	52
16	31	244	50
16	33	236	51
18	35	238	53
16	32	240	50
18	33	248	53
18	33	248	53
16	31	246	51
16	31	244	50
16	31	246	51
16	31	246	51
18	33	248	53
13	33	246	51
19	39	252	57
18	33	248	53
18	33	248	53
19	39	252	57
19	39	252	57
15	35	248	53
22	37	252	57
18	32	252	52
18	32	252	52
18	33	248	53
15	34	252	53
18	33	248	53
22	37	252	57
19	39	252	57
19	39	252	57
19	40	246	57
15	35	248	53
18	33	248	53
22	37	252	57
19	39	252	57
15	35	248	53
13	33	244	51
13	33	244	51
19	39	250	57
18	33	246	52
19	39	252	57
15	35	248	53
15	35	246	53
19	40	246	57
15	36	242	53
18	33	246	52
15	36	242	53
18	35	238	53
18	35	238	53
15	37	238	53
18	35	236	52
18	35	236	52
16	33	234	50
16	33	234	50
18	35	236	52
18	35	236	52
18	35	236	52
18	35	236	52
18	35	236	52
18	35	236	52
16	34	226	50
16	34	230	50
16	34	230	50
18	36	228	52
18	37	224	52
16	35	222	50
16	35	222	50
13	36	226	50
16	35	222	50
16	35	222	50
20	34	222	51
16	35	222	50
14	30	206	45
17	33	209	48
17	33	209	48
17	34	207	48
13	34	209	47
13	34	209	47
20	37	206	51
17	35	199	48
17	35	199	48
17	35	199	48
17	31	192	45
17	36	195	48
17	35	199	48
17	36	195	48
17	36	195	48
14	33	192	45
14	33	190	45
14	33	190	45
20	36	185	48
17	33	182	45
14	35	182	45
20	37	179	48
17	33	180	44
12	33	178	43
17	33	182	45
17	33	180	44
15	31	178	42
15	32	174	43
16	32	170	42
16	32	170	42
12	35	170	43
14	37	172	45
17	36	166	45
17	36	166	45
16	33	164	42
17	37	162	45
17	37	162	45
17	37	162	45
17	36	166	45
17	37	162	45
15	36	156	43
17	38	158	45
15	36	153	43
17	38	155	45
17	39	151	45
15	37	149	43
17	39	151	45
15	37	149	43
17	40	143	44
17	45	146	48
15	39	139	43
15	39	139	43
16	39	131	42
16	39	131	42
16	39	131	42
15	41	127	43
16	40	127	42
17	43	129	45
17	42	133	44
8	44	127	42
15	43	117	43
17	45	119	45
15	42	121	42
17	50	122	48
17	45	119	45
17	45	119	45
17	45	119	45
17	50	120	48
17	50	120	48
20	53	123	51
16	55	119	50
10	48	119	44
17	50	120	48
20	55	115	51
20	55	115	51
16	55	119	50
20	55	115	51
18	58	117	52
18	59	113	52
19	65	117	57
18	59	111	52
18	59	111	52
22	63	115	56
22	63	115	56
19	65	115	56
21	67	117	58
21	69	109	59
15	63	103	53
19	67	105	56
20	70	107	59
19	67	105	56
19	67	105	56
19	68	101	57
22	72	111	61
22	72	109	61
18	74	105	60
22	74	101	61
27	79	106	66
23	80	106	65
25	82	108	67
25	82	104	67
23	80	102	65
25	83	102	67
22	85	102	68
22	86	98	68
22	86	98	68
27	81	92	66
31	90	100	73
26	92	99	73
24	90	101	71
26	92	103	73
23	96	98	74
27	95	94	74
26	99	101	77
27	96	86	74
27	96	86	74
23	98	86	74
23	108	90	80
26	106	90	80
26	106	90	80
27	97	80	74
27	108	83	80
29	106	82	80
26	107	82	79
27	108	81	80
24	117	84	85
27	108	83	80
27	116	84	85
27	108	79	80
27	121	83	88
27	117	80	85
30	120	79	88
29	123	81	90
27	121	79	88
30	120	79	88
27	121	79	88
28	129	77	92
26	127	75	90
29	124	79	90
31	127	73	92
30	122	73	88
26	127	71	90
28	129	73	92
24	128	71	90
28	131	67	92
29	134	72	95
31	133	72	95
27	137	71	96
30	137	63	96
33	144	69	102
30	137	63	96
30	137	63	96
30	142	64	99
30	147	63	102
31	148	68	103
30	147	67	102
35	152	68	107
35	154	60	107
30	147	67	102
31	150	56	103
35	154	60	107
32	156	58	107
33	157	61	108
33	157	59	108
33	157	59	108
28	152	54	103
34	148	56	103
28	153	50	103
36	157	51	108
35	156	50	107
35	155	54	107
33	161	51	110
35	156	50	107
36	157	51	108
35	161	53	111
35	161	51	110
35	155	54	107
30	157	54	107
35	168	56	115
35	169	52	115
37	167	47	114
35	170	48	115
35	170	48	115
35	170	48	115
38	167	52	115
41	177	50	121
36	179	59	122
28	171	51	114
37	173	46	117
34	175	46	118
37	167	47	114
37	173	44	117
41	177	50	121
41	177	48	121
37	166	51	114
37	173	46	117
35	171	44	115
37	173	44	117
40	168	48	116
35	171	44	115
38	169	44	115
37	168	43	114
37	167	47	114
37	173	44	117
41	177	50	121
35	171	44	115
39	180	49	122
38	180	44	122
40	171	44	117
38	180	44	122
39	181	45	123
38	180	44	122
41	178	44	121
39	182	39	122
41	178	44	121
35	172	38	115
40	171	44	117
37	173	44	117
41	177	48	121
35	171	42	115
39	180	49	122
41	184	43	125
41	177	48	121
35	171	42	115
40	171	44	117
34	175	44	117
40	169	42	115
42	180	41	122
41	178	44	121
41	178	44	121
44	176	44	121
41	179	40	121
44	177	40	121
40	173	36	117
45	177	45	122
42	180	39	122
45	178	41	122
38	171	34	115
42	173	34	117
42	173	34	117
49	175	38	121
49	175	38	121
45	171	36	117
49	176	34	121
48	169	36	117
49	176	34	121
48	169	34	117
51	169	30	117
52	173	40	121
52	174	34	121
55	173	34	121
51	169	30	117
51	165	34	115
51	166	28	115
56	166	30	117
54	164	28	115
54	157	23	110
60	170	30	121
51	165	34	115
50	164	31	114
56	161	33	115
54	164	28	115
54	163	34	115
52	154	27	109
62	159	32	115
61	158	31	114
64	157	33	115
64	158	27	114
62	148	31	108
61	147	30	107
61	147	30	107
69	154	31	114
66	145	31	108
65	144	30	107
66	146	27	108
63	148	27	108
69	143	30	107
70	145	27	109
71	144	27	108
72	147	27	110
69	143	30	107
69	144	26	108
73	140	30	107
69	136	26	103
74	142	27	108
72	129	22	99
78	141	27	109
73	136	22	104
77	132	26	103
81	132	22	104
83	128	25	102
83	128	25	102
80	130	25	103
84	128	21	102
78	120	23	96
91	119	22	99
78	122	15	96
84	128	21	102
78	121	19	96
91	119	22	99
95	124	22	103
91	120	18	99
91	118	26	99
88	117	15	96
90	115	23	97
89	114	22	96
93	113	23	96
93	107	19	92
96	111	23	96
95	110	22	95
93	107	21	93
97	105	19	92
96	111	23	96
97	111	18	96
97	110	24	96
98	101	17	90
96	99	17	88
100	101	17	91
98	101	17	90
96	99	15	88
100	100	23	91
93	93	16	84
99	90	12	83
99	90	12	83
103	89	12	84
103	89	10	84
101	92	14	85
99	90	12	83
107	85	16	83
100	83	12	79
100	83	12	79
96	87	9	80
107	80	12	80
107	80	12	80
103	80	16	79
107	80	12	80
108	78	16	79
102	72	10	73
104	75	19	77
100	79	5	76
108	74	9	76
108	74	9	76
105	75	13	76
104	69	9	72
105	70	10	73
102	72	10	73
108	67	13	73
111	66	9	72
108	67	13	73
106	65	11	71
106	65	11	71
103	62	8	68
106	61	4	67
109	64	7	70
107	59	8	67
110	62	11	70
106	60	10	68
105	57	8	65
107	59	8	67
107	59	8	67
105	57	8	65
105	57	6	65
106	60	10	68
97	50	5	58
103	62	10	68
98	49	5	58
97	50	5	58
97	50	5	58
100	51	7	60
98	49	5	58
98	48	9	58
98	49	5	58
98	48	9	58
96	46	7	56
96	41	5	53
96	46	7	56
96	41	5	53
96	41	5	53
96	41	3	53
96	46	7	56
90	40	3	50
89	41	3	51
94	39	3	51
94	39	3	51
91	34	8	48
91	35	4	48
92	42	5	52
87	37	0	47
91	36	0	48
87	37	0	47
84	33	1	44
82	31	0	42
86	37	4	47
86	37	4	47
83	33	9	45
78	33	3	43
82	30	3	42
78	33	3	43
84	32	9	44
77	24	4	37
82	30	7	42
75	23	0	35
79	22	0	36
79	22	0	36
75	22	2	35
73	20	0	33
74	23	2	35
73	20	0	33
78	33	7	43
71	26	0	36
74	23	2	35
69	22	4	34
72	21	0	33
69	23	0	34
64	27	6	35
62	25	4	33
58	16	0	26
58	16	0	26
58	16	0	26
58	16	0	26
58	16	1	26
55	18	0	27
54	19	1	27
51	16	0	24
48	10	0	20
51	16	0	24
52	15	0	24
52	15	0	24
52	15	0	24
52	15	0	24
51	14	4	23
43	12	0	19
41	3	0	14
47	11	0	20
50	19	3	26
40	3	0	13
47	10	0	19
40	3	0	13
40	3	0	13
40	3	0	13
40	4	0	14
40	4	0	14
36	5	0	13
36	5	0	13
36	4	0	13
36	4	0	13
33	1	0	10
36	4	0	13
36	4	0	13
27	0	0	8
40	3	0	13
33	1	0	10
37	0	0	11
33	1	0	10
27	0	0	8
27	0	0	8
30	3	0	10
30	3	0	10
30	3	0	10
24	0	0	7
21	0	0	6
21	0	0	6
21	0	0	6
21	0	0	6
29	4	0	11
21	0	0	6
21	0	0	6
21	0	0	6
20	0	0	5
21	0	0	6
21	0	0	6
21	0	0	6
20	0	0	5
20	0	0	5
20	0	0	5
20	0	0	5
20	0	0	5
20	0	0	5
