0	2	0	1
0	2	0	1
0	0	0	0
0	0	0	0
0	2	0	1
0	2	0	1
0	2	0	1
0	2	0	1
0	0	0	0
0	0	0	0
0	2	0	1
0	2	0	1
0	2	0	1
0	2	0	1
0	2	0	1
0	2	0	1
0	2	0	1
0	2	0	1
0	2	0	1
0	2	0	1
0	2	0	1
0	2	0	1
0	2	0	1
0	2	0	1
0	2	0	1
0	0	0	0
0	2	0	1
0	2	0	1
0	2	0	1
0	2	0	1
0	2	0	1
0	2	0	1
0	0	0	0
0	0	0	0
0	2	0	1
0	2	0	1
0	2	0	1
0	2	0	1
0	2	0	1
0	2	0	1
0	2	0	1
0	2	0	1
0	2	0	1
0	2	0	1
0	2	0	1
0	2	0	1
0	2	0	1
0	2	0	1
0	2	0	1
0	2	0	1
0	0	0	0
0	2	0	1
0	0	0	0
0	2	0	1
0	2	0	1
0	2	0	1
0	2	0	1
0	2	0	1
0	2	0	1
0	2	0	1
0	2	0	1
0	0	0	0
0	2	0	1
0	2	0	1
0	2	0	1
0	2	0	1
0	0	0	0
0	0	0	0
0	0	0	0
1	0	0	0
1	0	0	0
0	0	0	0
0	0	0	0
0	2	0	1
0	0	0	0
0	0	0	0
0	2	0	1
0	2	0	1
0	2	0	1
0	2	0	1
1	0	0	0
1	0	0	0
0	0	0	0
0	2	0	1
0	2	0	1
0	2	0	1
0	2	0	1
0	2	0	1
0	0	0	0
0	0	0	0
0	2	0	1
0	2	0	1
0	2	0	1
0	2	0	1
0	0	0	0
0	0	0	0
0	2	0	1
0	2	0	1
0	0	0	0
0	0	0	0
0	2	0	1
0	2	0	1
0	2	0	1
0	2	0	1
0	0	0	0
0	0	0	0
0	0	0	0
0	0	0	0
0	0	0	0
0	2	0	1
0	2	0	1
0	2	0	1
0	2	0	1
0	2	0	1
0	2	0	1
0	2	0	1
0	2	0	1
0	2	0	1
0	2	0	1
0	2	0	1
0	2	0	1
0	2	0	1
0	2	0	1
0	2	0	1
0	2	0	1
0	2	0	1
0	2	0	1
0	2	0	1
0	2	0	1
0	2	0	1
0	2	0	1
0	2	0	1
0	2	0	1
0	0	0	0
0	2	0	1
0	2	0	1
0	2	0	1
0	0	0	0
0	2	0	1
0	2	0	1
0	2	0	1
0	0	0	0
0	2	0	1
0	2	0	1
1	0	0	0
1	0	0	0
0	0	0	0
0	0	0	0
0	2	0	1
0	2	0	1
0	2	0	1
0	0	0	0
0	0	0	0
0	0	0	0
0	0	0	0
1	0	0	0
1	0	0	0
0	0	0	0
0	2	0	1
0	2	0	1
0	0	0	0
0	2	0	1
0	2	0	1
0	2	0	1
0	0	0	0
0	2	0	1
0	2	0	1
0	2	0	1
0	2	0	1
0	2	0	1
0	0	0	0
0	0	0	0
0	0	0	0
0	2	0	1
0	0	0	0
0	0	0	0
0	0	0	0
0	0	0	0
0	0	0	0
0	2	0	1
0	2	0	1
0	2	0	1
0	2	0	1
0	0	0	0
0	0	0	0
0	0	0	0
0	2	0	1
0	2	0	1
0	2	0	1
0	2	0	1
0	2	0	1
0	2	0	1
0	2	0	1
0	2	0	1
0	2	0	1
0	0	0	0
0	0	0	0
0	2	0	1
0	0	0	0
0	0	0	0
0	0	0	0
0	0	0	0
0	0	0	0
0	0	0	0
0	2	0	1
0	2	0	1
0	2	0	1
0	2	0	1
0	2	0	1
0	2	0	1
0	2	0	1
0	2	0	1
0	2	0	1
0	2	0	1
0	2	0	1
0	2	0	1
0	0	0	0
0	0	0	0
0	0	0	0
1	0	0	0
0	0	0	0
0	0	0	0
0	2	0	1
0	2	0	1
0	2	0	1
0	2	0	1
0	0	0	0
1	0	0	0
0	0	0	0
0	2	0	1
0	2	0	1
0	2	0	1
0	2	0	1
0	2	0	1
0	0	0	0
0	0	0	0
0	0	0	0
0	2	0	1
0	2	0	1
0	0	0	0
0	0	0	0
0	2	0	1
0	2	0	1
0	2	0	1
0	0	0	0
0	0	0	0
0	0	0	0
0	2	0	1
0	2	0	1
0	2	0	1
0	2	0	1
0	2	0	1
0	2	0	1
0	2	0	1
0	3	0	1
0	2	0	1
0	1	0	0
0	2	0	1
0	2	0	1
0	2	0	1
0	2	0	1
0	2	0	1
0	3	0	1
0	2	0	1
0	2	0	1
0	2	0	1
0	2	0	1
0	2	0	1
0	2	0	1
0	2	0	1
0	1	0	0
0	1	0	0
0	0	0	0
0	0	0	0
0	0	0	0
0	0	0	0
0	0	0	0
0	0	0	0
0	0	0	0
0	1	0	0
0	0	0	0
0	0	0	0
0	2	0	1
0	5	0	2
0	2	0	1
0	2	0	1
0	3	0	1
0	3	0	1
0	3	0	1
0	3	0	1
0	3	0	1
0	3	0	1
0	3	0	1
0	3	0	1
0	5	0	2
0	5	0	2
0	3	0	1
0	5	0	2
0	5	0	2
0	5	0	2
0	5	0	2
0	5	0	2
0	3	0	1
0	3	0	1
0	5	0	2
0	5	0	2
0	3	0	1
0	5	0	2
0	5	0	2
0	5	0	2
0	5	0	2
0	5	0	2
0	5	0	2
0	5	0	2
0	5	0	2
0	5	0	2
0	5	0	2
0	5	0	2
0	5	0	2
0	5	0	2
0	5	0	2
0	5	0	2
0	5	0	2
0	5	0	2
0	5	0	2
0	7	0	4
0	5	0	2
0	7	0	4
0	8	0	4
0	9	0	5
0	8	0	4
0	7	0	4
0	8	0	4
0	9	0	5
0	11	0	6
1	17	0	10
0	18	0	10
0	19	0	11
0	19	0	11
0	13	0	7
0	11	0	6
0	19	0	11
0	18	0	10
0	19	0	11
0	19	0	11
0	19	0	11
0	19	0	11
0	21	0	12
0	19	0	11
0	19	0	11
8	29	4	19
1	17	0	10
8	29	0	19
1	22	0	13
8	29	0	19
5	32	0	20
8	29	0	19
8	29	0	19
9	35	4	23
9	36	0	23
8	30	0	20
9	37	0	24
12	34	0	23
12	35	0	24
12	34	0	23
12	34	0	23
22	45	8	33
15	38	1	26
15	38	1	26
22	45	8	33
15	38	1	26
12	35	0	24
17	33	0	24
25	43	8	33
25	43	8	33
25	43	8	33
22	45	8	33
19	47	8	34
25	43	8	33
20	35	3	26
25	43	4	33
27	45	6	35
27	45	10	35
25	43	4	33
25	42	10	33
18	35	3	26
27	43	8	34
30	41	4	33
30	41	4	33
30	41	4	33
29	45	6	35
32	43	6	35
35	41	6	35
35	41	6	35
35	41	6	35
37	44	4	37
35	42	2	35
35	42	2	35
35	41	6	35
35	41	6	35
37	44	4	37
37	42	2	35
42	43	0	37
42	43	0	37
43	50	7	43
36	42	2	35
39	44	4	37
37	42	2	35
40	40	2	35
45	40	4	37
45	40	4	37
45	41	2	37
45	41	0	37
50	46	3	42
50	46	7	42
47	41	2	38
50	46	7	42
45	41	2	37
47	41	2	38
45	41	2	37
55	44	7	43
55	44	7	43
50	39	2	38
51	35	0	35
57	46	9	45
50	39	2	38
58	41	9	42
53	37	0	37
55	34	0	36
62	41	3	42
57	46	9	45
55	34	0	36
57	36	0	38
58	35	0	37
58	35	2	38
58	35	2	38
62	41	7	43
57	36	2	38
62	41	3	42
57	36	0	38
61	32	4	37
61	33	0	37
63	40	3	42
61	33	0	37
68	40	5	44
72	40	1	45
70	36	9	43
61	33	2	37
69	29	0	37
73	29	0	38
69	29	2	37
65	25	0	34
72	40	1	45
65	33	0	38
69	29	2	37
69	30	0	38
73	29	0	38
73	29	0	38
74	35	0	42
71	26	0	36
73	29	0	38
73	29	0	38
73	29	0	38
73	28	0	38
74	24	0	36
74	24	0	36
74	24	0	36
74	24	0	36
73	28	0	38
71	26	0	36
72	22	0	34
72	22	0	34
73	28	0	38
71	26	0	36
71	26	0	36
69	24	0	34
72	22	0	34
69	24	0	34
71	26	0	36
65	15	0	28
72	22	0	34
72	22	0	34
72	22	0	34
69	24	0	34
72	22	0	34
72	22	0	34
66	14	0	27
69	24	0	34
67	27	0	35
58	18	0	27
65	14	0	27
65	15	0	28
58	17	0	27
58	17	0	27
58	17	0	27
65	25	0	34
65	14	0	27
59	12	0	24
59	13	0	25
55	14	0	24
62	16	0	27
62	17	0	28
58	17	0	27
55	14	0	24
55	14	0	24
55	9	0	21
51	9	0	20
51	9	0	20
51	16	0	24
51	9	0	20
55	13	0	24
51	10	0	21
51	10	0	21
51	10	0	21
58	7	0	21
55	9	0	21
51	16	0	24
48	11	0	20
48	11	0	20
55	9	0	21
48	11	0	20
48	11	0	20
48	11	0	20
48	11	0	20
47	12	0	21
40	5	0	14
41	4	0	14
48	11	0	20
48	11	0	20
48	11	0	20
43	13	0	20
36	6	0	14
40	5	0	14
40	5	0	14
40	5	0	14
37	2	0	12
36	5	0	13
36	6	0	14
36	5	0	13
33	2	0	11
33	2	0	11
30	4	0	11
33	3	0	11
33	3	0	11
33	7	0	13
33	2	0	11
33	2	0	11
30	4	0	11
30	3	0	10
30	4	0	11
30	3	0	10
30	3	0	10
27	0	0	8
33	1	0	10
30	3	0	10
24	0	0	7
27	0	0	8
24	0	0	7
29	4	0	11
20	0	0	5
29	4	0	11
20	0	0	5
21	0	0	6
20	0	0	5
20	0	0	5
21	0	0	6
29	4	0	11
21	0	0	6
21	0	0	6
16	0	0	4
15	0	0	4
15	0	0	4
16	0	0	4
16	0	0	4
13	0	0	3
12	0	0	3
15	0	0	4
15	0	0	4
15	0	0	4
15	0	0	4
13	0	0	3
15	0	0	4
15	0	0	4
15	0	0	4
15	0	0	4
12	0	0	3
12	0	0	3
12	0	0	3
9	0	0	2
9	0	0	2
15	0	0	4
12	0	0	3
9	0	0	2
9	0	0	2
